function q=traj_stamp()
q=[  (36*pi)/180            0           0 0 0;
     (34*pi)/180      -pi/180  (2*pi)/180 0 0;
     (32*pi)/180  -(3*pi)/180  (4*pi)/180 0 0;
     (30*pi)/180  -(5*pi)/180  (6*pi)/180 0 0;
     (28*pi)/180  -(7*pi)/180  (8*pi)/180 0 0;
     (26*pi)/180  -(9*pi)/180 (10*pi)/180 0 0;
     (24*pi)/180 -(11*pi)/180 (12*pi)/180 0 0;
     (22*pi)/180 -(13*pi)/180 (14*pi)/180 0 0;
     (20*pi)/180 -(15*pi)/180 (16*pi)/180 0 0;
     (18*pi)/180 -(17*pi)/180 (18*pi)/180 0 0;
     (16*pi)/180 -(15*pi)/180 (16*pi)/180 0 0;
     (14*pi)/180 -(13*pi)/180 (14*pi)/180 0 0;
     (12*pi)/180 -(11*pi)/180 (12*pi)/180 0 0;
     (10*pi)/180  -(9*pi)/180 (10*pi)/180 0 0;
      (8*pi)/180   -(7*pi)/180 (8*pi)/180 0 0;
      (6*pi)/180   -(5*pi)/180 (6*pi)/180 0 0;
      (4*pi)/180   -(3*pi)/180 (4*pi)/180 0 0;
      (2*pi)/180       -pi/180 (2*pi)/180 0 0;
               0             0          0 0 0;
     -(2*pi)/180       -pi/180 (2*pi)/180 0 0;
     -(4*pi)/180   -(3*pi)/180 (4*pi)/180 0 0;
     -(6*pi)/180   -(5*pi)/180 (6*pi)/180 0 0;
     -(8*pi)/180   -(7*pi)/180 (8*pi)/180 0 0;
    -(10*pi)/180  -(9*pi)/180 (10*pi)/180 0 0;
    -(12*pi)/180 -(11*pi)/180 (12*pi)/180 0 0;
    -(14*pi)/180 -(13*pi)/180 (14*pi)/180 0 0;
    -(16*pi)/180 -(15*pi)/180 (16*pi)/180 0 0;
    -(18*pi)/180 -(17*pi)/180 (18*pi)/180 0 0;
    -(20*pi)/180 -(15*pi)/180 (16*pi)/180 0 0;
    -(22*pi)/180 -(13*pi)/180 (14*pi)/180 0 0;
    -(24*pi)/180 -(11*pi)/180 (12*pi)/180 0 0;
    -(26*pi)/180  -(9*pi)/180 (10*pi)/180 0 0;
    -(28*pi)/180  -(7*pi)/180  (8*pi)/180 0 0;
    -(30*pi)/180  -(5*pi)/180  (6*pi)/180 0 0;
    -(32*pi)/180  -(3*pi)/180  (4*pi)/180 0 0;
    -(34*pi)/180      -pi/180  (2*pi)/180 0 0;
    -(36*pi)/180            0           0 0 0;
    -(38*pi)/180            0           0 0 0;
    -(40*pi)/180      -pi/180  (2*pi)/180 0 0;
    -(42*pi)/180  -(3*pi)/180  (4*pi)/180 0 0;
    -(44*pi)/180  -(5*pi)/180  (6*pi)/180 0 0;
    -(46*pi)/180  -(7*pi)/180  (8*pi)/180 0 0;
    -(48*pi)/180  -(9*pi)/180 (10*pi)/180 0 0;
    -(50*pi)/180 -(11*pi)/180 (12*pi)/180 0 0;
    -(52*pi)/180 -(13*pi)/180 (14*pi)/180 0 0;
    -(54*pi)/180 -(15*pi)/180 (16*pi)/180 0 0;
    -(56*pi)/180 -(17*pi)/180 (18*pi)/180 0 0;
    -(58*pi)/180 -(15*pi)/180 (16*pi)/180 0 0;
    -(60*pi)/180 -(13*pi)/180 (14*pi)/180 0 0;
    -(62*pi)/180 -(11*pi)/180 (12*pi)/180 0 0;
    -(64*pi)/180  -(9*pi)/180 (10*pi)/180 0 0;
    -(66*pi)/180  -(7*pi)/180  (8*pi)/180 0 0;
    -(68*pi)/180  -(5*pi)/180  (6*pi)/180 0 0;
    -(70*pi)/180  -(3*pi)/180  (4*pi)/180 0 0;
    -(72*pi)/180      -pi/180  (2*pi)/180 0 0;
    -(74*pi)/180            0           0 0 0];
end